0.000000000000000000e+00 1.384872074250000000e+09 2.593750000000000000e+01 1.342599999999999905e-01
5.000000000000000000e+03 1.384872100483999968e+09 2.593750000000000000e+01 1.663300000000000056e-01
0.000000000000000000e+00 1.384872425703000069e+09 2.625000000000000000e+01 1.345750000000000002e-01
5.000000000000000000e+03 1.384872451890000105e+09 2.625000000000000000e+01 1.667500000000000093e-01
0.000000000000000000e+00 1.384872777092999935e+09 2.650000000000000000e+01 1.344799999999999884e-01
5.000000000000000000e+03 1.384872803265000105e+09 2.650000000000000000e+01 1.665399999999999936e-01
0.000000000000000000e+00 1.384873128467999935e+09 2.681250000000000000e+01 1.341400000000000092e-01
5.000000000000000000e+03 1.384873154687000036e+09 2.681250000000000000e+01 1.661499999999999921e-01
0.000000000000000000e+00 1.384873479875000000e+09 2.706249000000000038e+01 1.333900000000000086e-01
5.000000000000000000e+03 1.384873506062000036e+09 2.706249000000000038e+01 1.655099999999999905e-01
0.000000000000000000e+00 1.384873831312000036e+09 2.731250000000000000e+01 1.322599999999999887e-01
5.000000000000000000e+03 1.384873857515000105e+09 2.731250000000000000e+01 1.642599999999999894e-01
0.000000000000000000e+00 1.384874182796000004e+09 2.756250000000000000e+01 1.308600000000000041e-01
5.000000000000000000e+03 1.384874209030999899e+09 2.756250000000000000e+01 1.626799999999999913e-01
0.000000000000000000e+00 1.384874534312000036e+09 2.787500000000000000e+01 1.290749999999999953e-01
5.000000000000000000e+03 1.384874560578000069e+09 2.787500000000000000e+01 1.609099999999999975e-01
0.000000000000000000e+00 1.384874885796000004e+09 2.812500000000000000e+01 1.270900000000000085e-01
5.000000000000000000e+03 1.384874912030999899e+09 2.812500000000000000e+01 1.588299999999999990e-01
0.000000000000000000e+00 1.384875237296000004e+09 2.837500000000000000e+01 1.248950000000000060e-01
5.000000000000000000e+03 1.384875263515000105e+09 2.837500000000000000e+01 1.543849999999999945e-01
0.000000000000000000e+00 1.384875588828000069e+09 2.868750000000000000e+01 1.225300000000000000e-01
5.000000000000000000e+03 1.384875615078000069e+09 2.868750000000000000e+01 1.542300000000000060e-01
0.000000000000000000e+00 1.384875940358999968e+09 2.893750000000000000e+01 1.200100000000000056e-01
5.000000000000000000e+03 1.384875966625000000e+09 2.893750000000000000e+01 1.517400000000000138e-01
0.000000000000000000e+00 1.384876291921000004e+09 2.918750000000000000e+01 1.173700000000000021e-01
5.000000000000000000e+03 1.384876318140000105e+09 2.918750000000000000e+01 1.490499999999999881e-01
0.000000000000000000e+00 1.384876643405999899e+09 2.943750000000000000e+01 1.147500000000000048e-01
5.000000000000000000e+03 1.384876669717999935e+09 2.943750000000000000e+01 1.441300000000000081e-01
0.000000000000000000e+00 1.384876994921000004e+09 2.975000000000000000e+01 1.098599999999999993e-01
5.000000000000000000e+03 1.384877021140000105e+09 2.975000000000000000e+01 1.414300000000000002e-01
0.000000000000000000e+00 1.384877346358999968e+09 3.000000000000000000e+01 1.094500000000000056e-01
5.000000000000000000e+03 1.384877372562000036e+09 3.000000000000000000e+01 1.409999999999999865e-01
0.000000000000000000e+00 1.384877697812000036e+09 3.025000000000000000e+01 1.044999999999999957e-01
5.000000000000000000e+03 1.384877724046000004e+09 3.025000000000000000e+01 1.383800000000000030e-01
0.000000000000000000e+00 1.384878049296000004e+09 3.050000000000000000e+01 1.040699999999999958e-01
5.000000000000000000e+03 1.384878075515000105e+09 3.050000000000000000e+01 1.355699999999999961e-01
0.000000000000000000e+00 1.384878400780999899e+09 3.075000000000000000e+01 1.013000000000000012e-01
5.000000000000000000e+03 1.384878427092999935e+09 3.075000000000000000e+01 1.328199999999999936e-01
0.000000000000000000e+00 1.384878752312000036e+09 3.100000000000000000e+01 9.855999999999999484e-02
5.000000000000000000e+03 1.384878778578000069e+09 3.100000000000000000e+01 1.277600000000000124e-01
0.000000000000000000e+00 1.384879103828000069e+09 3.131250000000000000e+01 9.605500000000000149e-02
5.000000000000000000e+03 1.384879130092999935e+09 3.131250000000000000e+01 1.275249999999999995e-01
0.000000000000000000e+00 1.384879455375000000e+09 3.156250000000000000e+01 9.335000000000000242e-02
5.000000000000000000e+03 1.384879481625000000e+09 3.156250000000000000e+01 1.248100000000000043e-01
0.000000000000000000e+00 1.384879806905999899e+09 3.181250000000000000e+01 9.075999999999999346e-02
5.000000000000000000e+03 1.384879833155999899e+09 3.181250000000000000e+01 1.221399999999999986e-01
0.000000000000000000e+00 1.384880158421000004e+09 3.212500000000000000e+01 8.809999999999999776e-02
5.000000000000000000e+03 1.384880184640000105e+09 3.212500000000000000e+01 1.194899999999999990e-01
0.000000000000000000e+00 1.384880509953000069e+09 3.237500000000000000e+01 8.336000000000000354e-02
5.000000000000000000e+03 1.384880536171000004e+09 3.237500000000000000e+01 1.170800000000000035e-01
0.000000000000000000e+00 1.384880861421000004e+09 3.262500000000000000e+01 8.083999999999999519e-02
5.000000000000000000e+03 1.384880887687000036e+09 3.262500000000000000e+01 1.122500000000000026e-01
0.000000000000000000e+00 1.384881212967999935e+09 3.287500000000000000e+01 7.856499999999999595e-02
5.000000000000000000e+03 1.384881239187000036e+09 3.287500000000000000e+01 1.122950000000000059e-01
0.000000000000000000e+00 1.384881564421000004e+09 3.312500000000000000e+01 7.842000000000000359e-02
5.000000000000000000e+03 1.384881590703000069e+09 3.312500000000000000e+01 1.097000000000000058e-01
0.000000000000000000e+00 1.384881915953000069e+09 3.343750000000000000e+01 7.595000000000000362e-02
5.000000000000000000e+03 1.384881942140000105e+09 3.343750000000000000e+01 1.072199999999999959e-01
0.000000000000000000e+00 1.384882267375000000e+09 3.368750000000000000e+01 7.345999999999999752e-02
5.000000000000000000e+03 1.384882293625000000e+09 3.368750000000000000e+01 1.047000000000000014e-01
0.000000000000000000e+00 1.384882618905999899e+09 3.400000000000000000e+01 7.109999999999999654e-02
5.000000000000000000e+03 1.384882645187000036e+09 3.400000000000000000e+01 9.993000000000000493e-02
0.000000000000000000e+00 1.384882970437000036e+09 3.418750000000000000e+01 6.643000000000000294e-02
5.000000000000000000e+03 1.384882996640000105e+09 3.418750000000000000e+01 1.000100000000000017e-01
0.000000000000000000e+00 1.384883321905999899e+09 3.450000000000000000e+01 6.647999999999999743e-02
5.000000000000000000e+03 1.384883348187000036e+09 3.450000000000000000e+01 9.767499999999999793e-02
0.000000000000000000e+00 1.384883673437000036e+09 3.475000000000000000e+01 6.414999999999999869e-02
5.000000000000000000e+03 1.384883699671000004e+09 3.475000000000000000e+01 9.526999999999999358e-02
0.000000000000000000e+00 1.384884024921000004e+09 3.500000000000000000e+01 6.187999999999999751e-02
5.000000000000000000e+03 1.384884051187000036e+09 3.500000000000000000e+01 9.060499999999999110e-02
0.000000000000000000e+00 1.384884376467999935e+09 3.525000000000000000e+01 5.961999999999999938e-02
5.000000000000000000e+03 1.384884402717999935e+09 3.525000000000000000e+01 9.069000000000000672e-02
0.000000000000000000e+00 1.384884727983999968e+09 3.556250000000000000e+01 5.750999999999999862e-02
5.000000000000000000e+03 1.384884754203000069e+09 3.556250000000000000e+01 8.853999999999999371e-02
0.000000000000000000e+00 1.384885079467999935e+09 3.581248999999999683e+01 5.299000000000000238e-02
5.000000000000000000e+03 1.384885105750000000e+09 3.581248999999999683e+01 8.641000000000000070e-02
0.000000000000000000e+00 1.384885431030999899e+09 3.606250000000000000e+01 5.107500000000000234e-02
5.000000000000000000e+03 1.384885457250000000e+09 3.606250000000000000e+01 8.441999999999999504e-02
0.000000000000000000e+00 1.384885782453000069e+09 3.631250000000000000e+01 4.913499999999999812e-02
5.000000000000000000e+03 1.384885808733999968e+09 3.631250000000000000e+01 8.244499999999999051e-02
0.000000000000000000e+00 1.384886068046000004e+09 3.662500000000000000e+01 4.939000000000000334e-02
5.000000000000000000e+03 1.384886094296000004e+09 3.662500000000000000e+01 8.039999999999999925e-02
0.000000000000000000e+00 1.384886419578000069e+09 3.687500000000000000e+01 4.739000000000000157e-02
5.000000000000000000e+03 1.384886445890000105e+09 3.687500000000000000e+01 7.832999999999999685e-02
0.000000000000000000e+00 1.384886771140000105e+09 3.712500000000000000e+01 4.540999999999999898e-02
5.000000000000000000e+03 1.384886797342999935e+09 3.712500000000000000e+01 7.632500000000000395e-02
0.000000000000000000e+00 1.384887122578000069e+09 3.737498999999999683e+01 4.352500000000000119e-02
5.000000000000000000e+03 1.384887148842999935e+09 3.737498999999999683e+01 7.438000000000000167e-02
0.000000000000000000e+00 1.384887474092999935e+09 3.768750000000000000e+01 4.164000000000000340e-02
5.000000000000000000e+03 1.384887500375000000e+09 3.768750000000000000e+01 7.240000000000000602e-02
0.000000000000000000e+00 1.384887825625000000e+09 3.793750000000000000e+01 3.984000000000000041e-02
5.000000000000000000e+03 1.384887851890000105e+09 3.793750000000000000e+01 7.062000000000000222e-02
0.000000000000000000e+00 1.384888177171000004e+09 3.818750000000000000e+01 3.801999999999999824e-02
5.000000000000000000e+03 1.384888203375000000e+09 3.818750000000000000e+01 6.883999999999999841e-02
0.000000000000000000e+00 1.384888528625000000e+09 3.850000000000000000e+01 3.631000000000000200e-02
5.000000000000000000e+03 1.384888554905999899e+09 3.850000000000000000e+01 6.710499999999999798e-02
0.000000000000000000e+00 1.384888880171000004e+09 3.875000000000000000e+01 3.470999999999999780e-02
5.000000000000000000e+03 1.384888906375000000e+09 3.875000000000000000e+01 6.291499999999999870e-02
0.000000000000000000e+00 1.384889231625000000e+09 3.900000000000000000e+01 3.300000000000000155e-02
5.000000000000000000e+03 1.384889257858999968e+09 3.900000000000000000e+01 6.363499999999999712e-02
0.000000000000000000e+00 1.384889583233999968e+09 3.931250000000000000e+01 3.137000000000000205e-02
5.000000000000000000e+03 1.384889609437000036e+09 3.931250000000000000e+01 6.199999999999999956e-02
0.000000000000000000e+00 1.384889934717999935e+09 3.956250000000000000e+01 2.987000000000000072e-02
5.000000000000000000e+03 1.384889960967999935e+09 3.956250000000000000e+01 6.049999999999999822e-02
0.000000000000000000e+00 1.384890286217999935e+09 3.981250000000000000e+01 2.835999999999999979e-02
5.000000000000000000e+03 1.384890312453000069e+09 3.981250000000000000e+01 5.896500000000000352e-02
0.000000000000000000e+00 1.384890637733999968e+09 4.006248999999999683e+01 2.702999999999999847e-02
5.000000000000000000e+03 1.384890663967999935e+09 4.006248999999999683e+01 5.757999999999999924e-02
0.000000000000000000e+00 1.384890989203000069e+09 4.037498999999999683e+01 2.329499999999999973e-02
5.000000000000000000e+03 1.384891015421000004e+09 4.037498999999999683e+01 5.629499999999999782e-02
0.000000000000000000e+00 1.384891340703000069e+09 4.062500000000000000e+01 2.432000000000000134e-02
5.000000000000000000e+03 1.384891366967999935e+09 4.062500000000000000e+01 5.486000000000000598e-02
0.000000000000000000e+00 1.384891692265000105e+09 4.087500000000000000e+01 2.304000000000000145e-02
5.000000000000000000e+03 1.384891718625000000e+09 4.087500000000000000e+01 5.356999999999999956e-02
0.000000000000000000e+00 1.384892043983999968e+09 4.118750000000000000e+01 2.169999999999999707e-02
5.000000000000000000e+03 1.384892070312000036e+09 4.118750000000000000e+01 5.224000000000000171e-02
0.000000000000000000e+00 1.384892395578000069e+09 4.143750000000000000e+01 2.051499999999999851e-02
5.000000000000000000e+03 1.384892421842999935e+09 4.143750000000000000e+01 5.100999999999999979e-02
0.000000000000000000e+00 1.384892747092999935e+09 4.168750000000000000e+01 1.924999999999999975e-02
5.000000000000000000e+03 1.384892773358999968e+09 4.168750000000000000e+01 4.748999999999999749e-02
0.000000000000000000e+00 1.384893098625000000e+09 4.200000000000000000e+01 1.825500000000000039e-02
5.000000000000000000e+03 1.384893124875000000e+09 4.200000000000000000e+01 4.865500000000000380e-02
0.000000000000000000e+00 1.384893450155999899e+09 4.225000000000000000e+01 1.711499999999999827e-02
5.000000000000000000e+03 1.384893476358999968e+09 4.225000000000000000e+01 4.757000000000000117e-02
0.000000000000000000e+00 1.384893801625000000e+09 4.250000000000000000e+01 1.614000000000000157e-02
5.000000000000000000e+03 1.384893827890000105e+09 4.250000000000000000e+01 4.647500000000000242e-02
0.000000000000000000e+00 1.384894153187000036e+09 4.281250000000000000e+01 1.511000000000000017e-02
5.000000000000000000e+03 1.384894179421000004e+09 4.281250000000000000e+01 4.538999999999999979e-02
0.000000000000000000e+00 1.384894504703000069e+09 4.306250000000000000e+01 1.410999999999999928e-02
5.000000000000000000e+03 1.384894530967999935e+09 4.306250000000000000e+01 4.437499999999999778e-02
0.000000000000000000e+00 1.384894856233999968e+09 4.325000000000000000e+01 1.301000000000000073e-02
5.000000000000000000e+03 1.384894882437000036e+09 4.325000000000000000e+01 4.342999999999999639e-02
0.000000000000000000e+00 1.384895207671000004e+09 4.356250000000000000e+01 1.209999999999999964e-02
5.000000000000000000e+03 1.384895233890000105e+09 4.356250000000000000e+01 4.011499999999999788e-02
0.000000000000000000e+00 1.384895559155999899e+09 4.381250000000000000e+01 9.069999999999999937e-03
5.000000000000000000e+03 1.384895585421000004e+09 4.381250000000000000e+01 4.168000000000000177e-02
0.000000000000000000e+00 1.384895910640000105e+09 4.406250000000000000e+01 1.051999999999999984e-02
5.000000000000000000e+03 1.384895936842999935e+09 4.406250000000000000e+01 4.078999999999999987e-02
0.000000000000000000e+00 1.384896262092999935e+09 4.437500000000000000e+01 9.669999999999999776e-03
5.000000000000000000e+03 1.384896288328000069e+09 4.437500000000000000e+01 3.771000000000000046e-02
0.000000000000000000e+00 1.384896613592999935e+09 4.462500000000000000e+01 9.055000000000000548e-03
5.000000000000000000e+03 1.384896639905999899e+09 4.462500000000000000e+01 3.917000000000000343e-02
0.000000000000000000e+00 1.384896965155999899e+09 4.487500000000000000e+01 8.344999999999999987e-03
5.000000000000000000e+03 1.384896991421000004e+09 4.487500000000000000e+01 3.847000000000000419e-02
0.000000000000000000e+00 1.384897316640000105e+09 4.518750000000000000e+01 7.660000000000000142e-03
5.000000000000000000e+03 1.384897342921000004e+09 4.518750000000000000e+01 3.777999999999999414e-02
0.000000000000000000e+00 1.384897668171000004e+09 4.543750000000000000e+01 4.830000000000000092e-03
5.000000000000000000e+03 1.384897694453000069e+09 4.543750000000000000e+01 3.722000000000000308e-02
0.000000000000000000e+00 1.384898019703000069e+09 4.568748999999999683e+01 6.635000000000000273e-03
5.000000000000000000e+03 1.384898045953000069e+09 4.568748999999999683e+01 3.665999999999999814e-02
0.000000000000000000e+00 1.384898371217999935e+09 4.599998999999999683e+01 6.060000000000000282e-03
5.000000000000000000e+03 1.384898397483999968e+09 4.599998999999999683e+01 3.620999999999999913e-02
0.000000000000000000e+00 1.384898722765000105e+09 4.625000000000000000e+01 5.590000000000000351e-03
5.000000000000000000e+03 1.384898749030999899e+09 4.625000000000000000e+01 3.567000000000000032e-02
0.000000000000000000e+00 1.384899074280999899e+09 4.650000000000000000e+01 2.880000000000000181e-03
5.000000000000000000e+03 1.384899100546000004e+09 4.650000000000000000e+01 3.280000000000000276e-02
0.000000000000000000e+00 1.384899425765000105e+09 4.675000000000000000e+01 2.249999999999999830e-03
5.000000000000000000e+03 1.384899452046000004e+09 4.675000000000000000e+01 3.466999999999999943e-02
0.000000000000000000e+00 1.384899777342999935e+09 4.706250000000000000e+01 4.320000000000000055e-03
5.000000000000000000e+03 1.384899803608999968e+09 4.706250000000000000e+01 3.443000000000000227e-02
0.000000000000000000e+00 1.384900128858999968e+09 4.731250000000000000e+01 3.870000000000000176e-03
5.000000000000000000e+03 1.384900155125000000e+09 4.731250000000000000e+01 3.393000000000000183e-02
0.000000000000000000e+00 1.384900480375000000e+09 4.756250000000000000e+01 3.445000000000000145e-03
5.000000000000000000e+03 1.384900506608999968e+09 4.756250000000000000e+01 3.349499999999999700e-02
0.000000000000000000e+00 1.384900831858999968e+09 4.787500000000000000e+01 3.129999999999999970e-03
5.000000000000000000e+03 1.384900858078000069e+09 4.787500000000000000e+01 3.305999999999999911e-02
0.000000000000000000e+00 1.384901183328000069e+09 4.812500000000000000e+01 2.754999999999999637e-03
5.000000000000000000e+03 1.384901209562000036e+09 4.812500000000000000e+01 3.264000000000000234e-02
0.000000000000000000e+00 1.384901534796000004e+09 4.837500000000000000e+01 2.320000000000000014e-03
5.000000000000000000e+03 1.384901561030999899e+09 4.837500000000000000e+01 3.227000000000000007e-02
0.000000000000000000e+00 1.384901886250000000e+09 4.862500000000000000e+01 2.060000000000000199e-03
5.000000000000000000e+03 1.384901912562000036e+09 4.862500000000000000e+01 3.193500000000000505e-02
0.000000000000000000e+00 1.384902237828000069e+09 4.887500000000000000e+01 1.855000000000000095e-03
5.000000000000000000e+03 1.384902264092999935e+09 4.887500000000000000e+01 3.169000000000000289e-02
0.000000000000000000e+00 1.384902589375000000e+09 4.918750000000000000e+01 1.680000000000000070e-03
5.000000000000000000e+03 1.384902615625000000e+09 4.918750000000000000e+01 3.160999999999999921e-02
0.000000000000000000e+00 1.384902940875000000e+09 4.950000000000000000e+01 1.520000000000000084e-03
5.000000000000000000e+03 1.384902967140000105e+09 4.950000000000000000e+01 3.141000000000000042e-02
0.000000000000000000e+00 1.384903292405999899e+09 4.974998999999999683e+01 1.325000000000000006e-03
5.000000000000000000e+03 1.384903318671000004e+09 4.974998999999999683e+01 2.878000000000000003e-02
0.000000000000000000e+00 1.384903643953000069e+09 5.000000000000000000e+01 1.260000000000000052e-03
5.000000000000000000e+03 1.384903670217999935e+09 5.000000000000000000e+01 3.107999999999999999e-02
0.000000000000000000e+00 1.384903995500000000e+09 5.025000000000000000e+01 1.289999999999999914e-03
5.000000000000000000e+03 1.384904021733999968e+09 5.025000000000000000e+01 3.105499999999999927e-02
0.000000000000000000e+00 1.384904346967999935e+09 5.050000000000000000e+01 1.110000000000000092e-03
5.000000000000000000e+03 1.384904373203000069e+09 5.050000000000000000e+01 3.091999999999999957e-02
0.000000000000000000e+00 1.384904698453000069e+09 5.081250000000000000e+01 1.190000000000000085e-03
5.000000000000000000e+03 1.384904724671000004e+09 5.081250000000000000e+01 3.091999999999999957e-02
0.000000000000000000e+00 1.384905049937000036e+09 5.106251000000000317e+01 1.119999999999999902e-03
5.000000000000000000e+03 1.384905076155999899e+09 5.106251000000000317e+01 3.087000000000000161e-02
0.000000000000000000e+00 1.384905401437000036e+09 5.131248999999999683e+01 1.105000000000000079e-03
5.000000000000000000e+03 1.384905427640000105e+09 5.131248999999999683e+01 3.085999999999999854e-02
0.000000000000000000e+00 1.384905752875000000e+09 5.162500000000000000e+01 1.100000000000000066e-03
5.000000000000000000e+03 1.384905779155999899e+09 5.162500000000000000e+01 3.080000000000000099e-02
0.000000000000000000e+00 1.384906104358999968e+09 5.187500000000000000e+01 1.129999999999999928e-03
5.000000000000000000e+03 1.384906130592999935e+09 5.187500000000000000e+01 2.845999999999999919e-02
0.000000000000000000e+00 1.384906455812000036e+09 5.212500000000000000e+01 1.209999999999999921e-03
5.000000000000000000e+03 1.384906482046000004e+09 5.212500000000000000e+01 2.854999999999999899e-02
0.000000000000000000e+00 1.384906807250000000e+09 5.243750000000000000e+01 1.399999999999999986e-03
5.000000000000000000e+03 1.384906833483999968e+09 5.243750000000000000e+01 3.093500000000000069e-02
0.000000000000000000e+00 1.384907158733999968e+09 5.268750000000000000e+01 1.549999999999999946e-03
5.000000000000000000e+03 1.384907184937000036e+09 5.268750000000000000e+01 3.113000000000000142e-02
0.000000000000000000e+00 1.384907510187000036e+09 5.293751000000000317e+01 1.740000000000000010e-03
5.000000000000000000e+03 1.384907536483999968e+09 5.293751000000000317e+01 3.141000000000000042e-02
0.000000000000000000e+00 1.384907861733999968e+09 5.325000000000000000e+01 1.889999999999999970e-03
5.000000000000000000e+03 1.384907888000000000e+09 5.325000000000000000e+01 3.151000000000000328e-02
0.000000000000000000e+00 1.384908213203000069e+09 5.350000000000000000e+01 2.170000000000000054e-03
5.000000000000000000e+03 1.384908239437000036e+09 5.350000000000000000e+01 3.173999999999999738e-02
0.000000000000000000e+00 1.384908564687000036e+09 5.375000000000000000e+01 2.360000000000000119e-03
5.000000000000000000e+03 1.384908590953000069e+09 5.375000000000000000e+01 3.191000000000000086e-02
0.000000000000000000e+00 1.384908916203000069e+09 5.400000000000000000e+01 2.589999999999999854e-03
5.000000000000000000e+03 1.384908942421000004e+09 5.400000000000000000e+01 3.219999999999999946e-02
0.000000000000000000e+00 1.384909267671000004e+09 5.431250000000000000e+01 2.814999999999999794e-03
5.000000000000000000e+03 1.384909293858999968e+09 5.431250000000000000e+01 3.237999999999999906e-02
0.000000000000000000e+00 1.384909619092999935e+09 5.456250000000000000e+01 2.969999999999999984e-03
5.000000000000000000e+03 1.384909645312000036e+09 5.456250000000000000e+01 3.255999999999999867e-02
0.000000000000000000e+00 1.384909970546000004e+09 5.481250000000000000e+01 3.434999999999999686e-03
5.000000000000000000e+03 1.384909996796000004e+09 5.481250000000000000e+01 3.296999999999999931e-02
0.000000000000000000e+00 1.384910322000000000e+09 5.506250000000000000e+01 3.710000000000000190e-03
5.000000000000000000e+03 1.384910348280999899e+09 5.506250000000000000e+01 3.329000000000000015e-02
0.000000000000000000e+00 1.384910673483999968e+09 5.537500000000000000e+01 4.075000000000000497e-03
5.000000000000000000e+03 1.384910699750000000e+09 5.537500000000000000e+01 3.124000000000000388e-02
0.000000000000000000e+00 1.384911024953000069e+09 5.562500000000000000e+01 4.420000000000000318e-03
5.000000000000000000e+03 1.384911051171000004e+09 5.562500000000000000e+01 3.386000000000000121e-02
0.000000000000000000e+00 1.384911376421000004e+09 5.593750000000000000e+01 4.810000000000000039e-03
5.000000000000000000e+03 1.384911402655999899e+09 5.593750000000000000e+01 3.423999999999999960e-02
0.000000000000000000e+00 1.384911727905999899e+09 5.618750000000000000e+01 5.239999999999999866e-03
5.000000000000000000e+03 1.384911754171000004e+09 5.618750000000000000e+01 3.454999999999999738e-02
0.000000000000000000e+00 1.384912079421000004e+09 5.643750000000000000e+01 5.619999999999999996e-03
5.000000000000000000e+03 1.384912105655999899e+09 5.643750000000000000e+01 3.262000000000000316e-02
0.000000000000000000e+00 1.384912430858999968e+09 5.668750000000000000e+01 6.000000000000000125e-03
5.000000000000000000e+03 1.384912457125000000e+09 5.668750000000000000e+01 3.538999999999999785e-02
0.000000000000000000e+00 1.384912782358999968e+09 5.700001000000000317e+01 6.465000000000000260e-03
5.000000000000000000e+03 1.384912808578000069e+09 5.700001000000000317e+01 3.581999999999999768e-02
0.000000000000000000e+00 1.384913133780999899e+09 5.724998999999999683e+01 6.899999999999999883e-03
5.000000000000000000e+03 1.384913160046000004e+09 5.724998999999999683e+01 3.625500000000000250e-02
0.000000000000000000e+00 1.384913485328000069e+09 5.750000000000000000e+01 7.284999999999999809e-03
5.000000000000000000e+03 1.384913511608999968e+09 5.750000000000000000e+01 3.669000000000000039e-02
0.000000000000000000e+00 1.384913836812000036e+09 5.781250000000000000e+01 7.830000000000000154e-03
5.000000000000000000e+03 1.384913863015000105e+09 5.781250000000000000e+01 3.713000000000000328e-02
0.000000000000000000e+00 1.384914188296000004e+09 5.806250000000000000e+01 8.300000000000000086e-03
5.000000000000000000e+03 1.384914214500000000e+09 5.806250000000000000e+01 3.749999999999999861e-02
0.000000000000000000e+00 1.384914539780999899e+09 5.831250000000000000e+01 8.850000000000000228e-03
5.000000000000000000e+03 1.384914565983999968e+09 5.831250000000000000e+01 3.799999999999999906e-02
0.000000000000000000e+00 1.384914829250000000e+09 5.856251000000000317e+01 9.369999999999999857e-03
5.000000000000000000e+03 1.384914855515000105e+09 5.856251000000000317e+01 3.855000000000000093e-02
0.000000000000000000e+00 1.384915180750000000e+09 5.887500000000000000e+01 9.969999999999999696e-03
5.000000000000000000e+03 1.384915207030999899e+09 5.887500000000000000e+01 3.919000000000000261e-02
0.000000000000000000e+00 1.384915532312000036e+09 5.912501000000000317e+01 1.061999999999999923e-02
5.000000000000000000e+03 1.384915558625000000e+09 5.912501000000000317e+01 3.976999999999999980e-02
0.000000000000000000e+00 1.384915883858999968e+09 5.937500000000000000e+01 1.117500000000000090e-02
5.000000000000000000e+03 1.384915910108999968e+09 5.937500000000000000e+01 4.032000000000000167e-02
0.000000000000000000e+00 1.384916235390000105e+09 5.968750000000000000e+01 1.187000000000000034e-02
5.000000000000000000e+03 1.384916261608999968e+09 5.968750000000000000e+01 4.102499999999999897e-02
0.000000000000000000e+00 1.384916586812000036e+09 5.993750000000000000e+01 1.252999999999999947e-02
5.000000000000000000e+03 1.384916613046000004e+09 5.993750000000000000e+01 4.161499999999999921e-02
0.000000000000000000e+00 1.384916938265000105e+09 6.018750000000000000e+01 1.323000000000000044e-02
5.000000000000000000e+03 1.384916964515000105e+09 6.018750000000000000e+01 4.225000000000000283e-02
0.000000000000000000e+00 1.384917289780999899e+09 6.043750000000000000e+01 1.378000000000000058e-02
5.000000000000000000e+03 1.384917316046000004e+09 6.043750000000000000e+01 4.293000000000000288e-02
0.000000000000000000e+00 1.384917641280999899e+09 6.075000000000000000e+01 1.448999999999999941e-02
5.000000000000000000e+03 1.384917667515000105e+09 6.075000000000000000e+01 4.354000000000000231e-02
0.000000000000000000e+00 1.384917992733999968e+09 6.100000000000000000e+01 1.532000000000000028e-02
5.000000000000000000e+03 1.384918018983999968e+09 6.100000000000000000e+01 4.428500000000000492e-02
0.000000000000000000e+00 1.384918344250000000e+09 6.125000000000000000e+01 1.358999999999999965e-02
5.000000000000000000e+03 1.384918370515000105e+09 6.125000000000000000e+01 4.485999999999999710e-02
0.000000000000000000e+00 1.384918695780999899e+09 6.156250000000000000e+01 1.664000000000000201e-02
5.000000000000000000e+03 1.384918722046000004e+09 6.156250000000000000e+01 4.560000000000000164e-02
0.000000000000000000e+00 1.384919047280999899e+09 6.181250000000000000e+01 1.754000000000000004e-02
5.000000000000000000e+03 1.384919073500000000e+09 6.181250000000000000e+01 4.639499999999999874e-02
0.000000000000000000e+00 1.384919398717999935e+09 6.206250000000000000e+01 1.812000000000000069e-02
5.000000000000000000e+03 1.384919424937000036e+09 6.206250000000000000e+01 4.701000000000000317e-02
0.000000000000000000e+00 1.384919750203000069e+09 6.231250000000000000e+01 1.886499999999999982e-02
5.000000000000000000e+03 1.384919776421000004e+09 6.231250000000000000e+01 4.773999999999999772e-02
0.000000000000000000e+00 1.384920101703000069e+09 6.262501000000000317e+01 1.744000000000000064e-02
5.000000000000000000e+03 1.384920127921000004e+09 6.262501000000000317e+01 4.640999999999999986e-02
0.000000000000000000e+00 1.384920453155999899e+09 6.287500000000000000e+01 2.055999999999999842e-02
5.000000000000000000e+03 1.384920479375000000e+09 6.287500000000000000e+01 4.950999999999999845e-02
0.000000000000000000e+00 1.384920804608999968e+09 6.318750000000000000e+01 2.129999999999999949e-02
5.000000000000000000e+03 1.384920830890000105e+09 6.318750000000000000e+01 5.018999999999999850e-02
0.000000000000000000e+00 1.384921156092999935e+09 6.343750000000000000e+01 2.219000000000000139e-02
5.000000000000000000e+03 1.384921182328000069e+09 6.343750000000000000e+01 5.115499999999999908e-02
0.000000000000000000e+00 1.384921507640000105e+09 6.375000000000000000e+01 2.301500000000000073e-02
5.000000000000000000e+03 1.384921533905999899e+09 6.375000000000000000e+01 5.199999999999999761e-02
0.000000000000000000e+00 1.384921859140000105e+09 6.400000000000000000e+01 2.399499999999999897e-02
5.000000000000000000e+03 1.384921885375000000e+09 6.400000000000000000e+01 5.281500000000000083e-02
0.000000000000000000e+00 1.384922210655999899e+09 6.425000000000000000e+01 2.483000000000000138e-02
5.000000000000000000e+03 1.384922236921000004e+09 6.425000000000000000e+01 5.385999999999999815e-02
0.000000000000000000e+00 1.384922562203000069e+09 6.456251000000000317e+01 2.587499999999999870e-02
5.000000000000000000e+03 1.384922588483999968e+09 6.456251000000000317e+01 5.449999999999999983e-02
0.000000000000000000e+00 1.384922913733999968e+09 6.481250000000000000e+01 2.656000000000000028e-02
5.000000000000000000e+03 1.384922939967999935e+09 6.481250000000000000e+01 5.537000000000000255e-02
0.000000000000000000e+00 1.384923265203000069e+09 6.506248999999999683e+01 2.744999999999999871e-02
5.000000000000000000e+03 1.384923291500000000e+09 6.506248999999999683e+01 5.621999999999999914e-02
0.000000000000000000e+00 1.384923616780999899e+09 6.531250000000000000e+01 2.849499999999999950e-02
5.000000000000000000e+03 1.384923643078000069e+09 6.531250000000000000e+01 5.716999999999999860e-02
0.000000000000000000e+00 1.384923968390000105e+09 6.562500000000000000e+01 2.948999999999999885e-02
5.000000000000000000e+03 1.384923994592999935e+09 6.562500000000000000e+01 5.818999999999999867e-02
0.000000000000000000e+00 1.384924319858999968e+09 6.587500000000000000e+01 3.036000000000000157e-02
5.000000000000000000e+03 1.384924346078000069e+09 6.587500000000000000e+01 5.689999999999999919e-02
0.000000000000000000e+00 1.384924671296000004e+09 6.612501000000000317e+01 3.136500000000000399e-02
5.000000000000000000e+03 1.384924697562000036e+09 6.612501000000000317e+01 5.995000000000000329e-02
0.000000000000000000e+00 1.384925022842999935e+09 6.643750000000000000e+01 3.230000000000000232e-02
5.000000000000000000e+03 1.384925049078000069e+09 6.643750000000000000e+01 6.101000000000000173e-02
0.000000000000000000e+00 1.384925374328000069e+09 6.668751000000000317e+01 3.330999999999999933e-02
5.000000000000000000e+03 1.384925400546000004e+09 6.668751000000000317e+01 6.192999999999999894e-02
0.000000000000000000e+00 1.384925725812000036e+09 6.693748999999999683e+01 3.409999999999999837e-02
5.000000000000000000e+03 1.384925752030999899e+09 6.693748999999999683e+01 6.271999999999999797e-02
0.000000000000000000e+00 1.384926077312000036e+09 6.725000000000000000e+01 3.536000000000000254e-02
5.000000000000000000e+03 1.384926103562000036e+09 6.725000000000000000e+01 6.399000000000000521e-02
0.000000000000000000e+00 1.384926428765000105e+09 6.750000000000000000e+01 3.613999999999999851e-02
5.000000000000000000e+03 1.384926455030999899e+09 6.750000000000000000e+01 6.482000000000000262e-02
0.000000000000000000e+00 1.384926780312000036e+09 6.781250000000000000e+01 3.744999999999999718e-02
5.000000000000000000e+03 1.384926806578000069e+09 6.781250000000000000e+01 6.604000000000000148e-02
0.000000000000000000e+00 1.384927131796000004e+09 6.806250000000000000e+01 3.833000000000000296e-02
5.000000000000000000e+03 1.384927158030999899e+09 6.806250000000000000e+01 6.693000000000000338e-02
0.000000000000000000e+00 1.384927483296000004e+09 6.831250000000000000e+01 3.937999999999999834e-02
5.000000000000000000e+03 1.384927509578000069e+09 6.831250000000000000e+01 6.798999999999999488e-02
0.000000000000000000e+00 1.384927834828000069e+09 6.856250000000000000e+01 4.037999999999999923e-02
5.000000000000000000e+03 1.384927861030999899e+09 6.856250000000000000e+01 6.894500000000000628e-02
0.000000000000000000e+00 1.384928186312000036e+09 6.881251000000000317e+01 4.143000000000000155e-02
5.000000000000000000e+03 1.384928212578000069e+09 6.881251000000000317e+01 6.990999999999999992e-02
0.000000000000000000e+00 1.384928537828000069e+09 6.912500000000000000e+01 4.252999999999999836e-02
5.000000000000000000e+03 1.384928564092999935e+09 6.912500000000000000e+01 7.101000000000000367e-02
0.000000000000000000e+00 1.384928889342999935e+09 6.943748999999999683e+01 4.363000000000000211e-02
5.000000000000000000e+03 1.384928915578000069e+09 6.943748999999999683e+01 7.197000000000000619e-02
0.000000000000000000e+00 1.384929240828000069e+09 6.968750000000000000e+01 4.481999999999999873e-02
5.000000000000000000e+03 1.384929267046000004e+09 6.968750000000000000e+01 7.333000000000000629e-02
0.000000000000000000e+00 1.384929592296000004e+09 6.993750000000000000e+01 4.603999999999999759e-02
5.000000000000000000e+03 1.384929618500000000e+09 6.993750000000000000e+01 7.431499999999999218e-02
0.000000000000000000e+00 1.384929943780999899e+09 7.018750000000000000e+01 4.694999999999999868e-02
5.000000000000000000e+03 1.384929970046000004e+09 7.018750000000000000e+01 7.538999999999999868e-02
0.000000000000000000e+00 1.384930295296000004e+09 7.050001000000000317e+01 4.800999999999999712e-02
5.000000000000000000e+03 1.384930321578000069e+09 7.050001000000000317e+01 7.646500000000000519e-02
0.000000000000000000e+00 1.384930646828000069e+09 7.075000000000000000e+01 4.914999999999999925e-02
5.000000000000000000e+03 1.384930673078000069e+09 7.075000000000000000e+01 7.767000000000000293e-02
0.000000000000000000e+00 1.384930998467999935e+09 7.106251000000000317e+01 5.038999999999999729e-02
5.000000000000000000e+03 1.384931024703000069e+09 7.106251000000000317e+01 7.875999999999999668e-02
0.000000000000000000e+00 1.384931349921000004e+09 7.131248999999999683e+01 4.916999999999999843e-02
5.000000000000000000e+03 1.384931376217999935e+09 7.131248999999999683e+01 7.969999999999999307e-02
0.000000000000000000e+00 1.384931701467999935e+09 7.156250000000000000e+01 5.265000000000000235e-02
5.000000000000000000e+03 1.384931727733999968e+09 7.156250000000000000e+01 8.093000000000000194e-02
0.000000000000000000e+00 1.384932052953000069e+09 7.187500000000000000e+01 5.378000000000000141e-02
5.000000000000000000e+03 1.384932079217999935e+09 7.187500000000000000e+01 8.214000000000000468e-02
0.000000000000000000e+00 1.384932404467999935e+09 7.212501000000000317e+01 5.498000000000000109e-02
5.000000000000000000e+03 1.384932430687000036e+09 7.212501000000000317e+01 8.340999999999999803e-02
0.000000000000000000e+00 1.384932755890000105e+09 7.237500000000000000e+01 5.623000000000000220e-02
5.000000000000000000e+03 1.384932782171000004e+09 7.237500000000000000e+01 8.462000000000000077e-02
0.000000000000000000e+00 1.384933107421000004e+09 7.268750000000000000e+01 5.713999999999999635e-02
5.000000000000000000e+03 1.384933133640000105e+09 7.268750000000000000e+01 8.555999999999999717e-02
0.000000000000000000e+00 1.384933458905999899e+09 7.293751000000000317e+01 5.861000000000000237e-02
5.000000000000000000e+03 1.384933485187000036e+09 7.293751000000000317e+01 8.690000000000000502e-02
0.000000000000000000e+00 1.384933810421000004e+09 7.325000000000000000e+01 5.977999999999999980e-02
5.000000000000000000e+03 1.384933836750000000e+09 7.325000000000000000e+01 8.844000000000000472e-02
0.000000000000000000e+00 1.384934162030999899e+09 7.350000000000000000e+01 5.905499999999999639e-02
5.000000000000000000e+03 1.384934188233999968e+09 7.350000000000000000e+01 8.927000000000000213e-02
0.000000000000000000e+00 1.384934513437000036e+09 7.375001000000000317e+01 6.217000000000000304e-02
5.000000000000000000e+03 1.384934539703000069e+09 7.375001000000000317e+01 9.040499999999999925e-02
0.000000000000000000e+00 1.384934864953000069e+09 7.406250000000000000e+01 6.348999999999999089e-02
5.000000000000000000e+03 1.384934891217999935e+09 7.406250000000000000e+01 9.168499999999998873e-02
0.000000000000000000e+00 1.384935216546000004e+09 7.431250000000000000e+01 6.475000000000000200e-02
5.000000000000000000e+03 1.384935242812000036e+09 7.431250000000000000e+01 9.290500000000000147e-02
0.000000000000000000e+00 1.384935568062000036e+09 7.456250000000000000e+01 6.592000000000000637e-02
5.000000000000000000e+03 1.384935594280999899e+09 7.456250000000000000e+01 9.402000000000000635e-02
0.000000000000000000e+00 1.384935919546000004e+09 7.481250000000000000e+01 6.705500000000000349e-02
5.000000000000000000e+03 1.384935945812000036e+09 7.481250000000000000e+01 9.546499999999999431e-02
0.000000000000000000e+00 1.384936271062000036e+09 7.512500000000000000e+01 6.837000000000000022e-02
5.000000000000000000e+03 1.384936297265000105e+09 7.512500000000000000e+01 9.661000000000000143e-02
0.000000000000000000e+00 1.384936622562000036e+09 7.537500000000000000e+01 6.965499999999999470e-02
5.000000000000000000e+03 1.384936648765000105e+09 7.537500000000000000e+01 9.791999999999999316e-02
0.000000000000000000e+00 1.384936974078000069e+09 7.568750000000000000e+01 7.108000000000000429e-02
5.000000000000000000e+03 1.384937000296000004e+09 7.568750000000000000e+01 9.915999999999999814e-02
0.000000000000000000e+00 1.384937325546000004e+09 7.599998999999999683e+01 7.202000000000000068e-02
5.000000000000000000e+03 1.384937351765000105e+09 7.599998999999999683e+01 1.003399999999999986e-01
0.000000000000000000e+00 1.384937677030999899e+09 7.625000000000000000e+01 7.337499999999999578e-02
5.000000000000000000e+03 1.384937703250000000e+09 7.625000000000000000e+01 1.015699999999999936e-01
0.000000000000000000e+00 1.384938028500000000e+09 7.650000000000000000e+01 7.459999999999999964e-02
5.000000000000000000e+03 1.384938054765000105e+09 7.650000000000000000e+01 1.030200000000000005e-01
0.000000000000000000e+00 1.384938379983999968e+09 7.681250000000000000e+01 7.597999999999999199e-02
5.000000000000000000e+03 1.384938406250000000e+09 7.681250000000000000e+01 1.042000000000000010e-01
0.000000000000000000e+00 1.384938731500000000e+09 7.700000000000000000e+01 7.492000000000000048e-02
5.000000000000000000e+03 1.384938757717999935e+09 7.700000000000000000e+01 1.053999999999999937e-01
0.000000000000000000e+00 1.384939082983999968e+09 7.737500000000000000e+01 7.858999999999999320e-02
5.000000000000000000e+03 1.384939109250000000e+09 7.737500000000000000e+01 1.046200000000000047e-01
