-2.999999999999999889e-01 7.179999999999999716e-01
-2.684210526315789491e-01 7.119999999999999662e-01
-2.368421052631578816e-01 7.079999999999999627e-01
-2.052631578947368141e-01 7.009999999999999565e-01
-1.736842105263157743e-01 6.919999999999999485e-01
-1.421052631578947345e-01 6.630000000000000338e-01
-1.105263157894736670e-01 6.390000000000000124e-01
-7.894736842105259944e-02 5.939999999999999725e-01
-4.736842105263155966e-02 5.430000000000000382e-01
-1.578947368421051989e-02 4.769999999999999796e-01
1.578947368421051989e-02 3.970000000000000195e-01
4.736842105263161518e-02 3.119999999999999996e-01
7.894736842105265495e-02 2.359999999999999876e-01
1.105263157894736947e-01 1.710000000000000131e-01
1.421052631578947900e-01 1.150000000000000050e-01
1.736842105263158298e-01 7.399999999999999634e-02
2.052631578947368696e-01 4.599999999999999922e-02
2.368421052631579093e-01 2.500000000000000139e-02
2.684210526315789491e-01 1.600000000000000033e-02
2.999999999999999889e-01 8.999999999999999320e-03
